cam_model: Pinhole
cam_width: 640
cam_height: 480
cam_fx: 421.375597
cam_fy: 421.314788
cam_cx: 319.170565
cam_cy: 239.644714
cam_d0: -0.000233
cam_d1: -0.000328
cam_d2: 0.000116
cam_d3: -0.000326